
0 0 -1
0 1 -1
2 3 -1
2 4 -1
2 5 -1
0 0 -1
4 26 0
1 4 -1
3 3 0
2 0 -1
0 0 -1
4 27 0
1 4 -1
3 1 0
2 1 -1
4 29 0
1 4 -1
3 2 0
1 3 -1
4 26 0
1 0 -1
4 27 0
1 3 -1
3 4 0
2 0 -1
0 3 -1
2 3 -1
3 2 0
1 3 -1
4 26 0
2 4 -1
2 5 -1
0 4 -1
3 0 0
2 2 -1
4 26 0
1 4 -1
4 29 0
2 0 -1
0 6 -1
2 0 -1
0 4 -1
3 6 0
2 2 -1
4 26 0
1 4 -1
4 27 0
1 3 -1
3 2 0
1 0 -1
3 3 0
2 0 -1
0 6 -1
2 0 -1
0 5 -1
2 2 -1
4 26 0
1 4 -1
3 3 0
2 0 -1
0 6 -1
2 0 -1
2 6 -1
0 3 -1
2 3 -1
4 26 0
1 7 -1
4 27 0
2 4 -1
2 5 -1
0 4 -1
3 0 0
2 2 -1
4 26 0
1 4 -1
3 4 0
2 0 -1
0 6 -1
2 0 -1
0 4 -1
3 1 1
2 2 -1
4 26 0
1 4 -1
3 7 0
2 0 -1
0 6 -1
2 0 -1
0 5 -1
2 2 -1
0 6 -1
2 0 -1
2 6 -1
0 7 -1
3 0 0
2 0 -1
2 6 -1